total_e_15=[ 0.447, 0.239, 0.134, 0.0911 ]
total_e_10=[ 0.451, 0.250, 0.135, 0.0764 ]

ue_15_250=[0.444484, 0.318064, 0.454979, 0.356015, 0.3412, 0.526109, 0.451765, 0.258461, 0.277783, 0.453721, 0.538436, 0.655374, 0.343558, 0.620878, 0.468007, 0.573698, 0.572793, 0.386394]
t_15_250=392

ue_15_500=[0.312258, 0.115149, 0.289806, 0.195291, 0.172103, 0.206408, 0.246488, 0.304373, 0.134318, 0.26667, 0.297754, 0.32688, 0.210994, 0.417155, 0.33794, 0.238408, 0.003028, 0.224254]
t_15_500=787

ue_15_750=[0.186939, 0.065836, 0.234531, 0.158207, 0.094414, 0.070392, 0.101894, 0.032274, 0.063957, 0.132968, 0.155066, 0.138135, 0.1796, 0.215798, 0.243237, 0.12267, 0.070695, 0.136969]
t_15_750=1177

ue_15_1000=[0.108668, 0.038952, 0.150218, 0.072115, 0.13927, 0.041358, 0.095826, 0.031152, 0.049239, 0.085902, 0.112061, 0.100356, 0.122943, 0.086363, 0.22201, 0.075935, 0.030539, 0.077721]
t_15_1000=1585

